Filename           | Interface Area | Solvation Energy | LRMSD | IRMSD | Fnat score
------------------------------------------------------------------------------------------
complex1.pdb       |        2036.64 |        -95423.06 |  2.48 |  1.55 |     1.0000
complex10.pdb      |        1664.67 |        -81077.88 | 37.00 | 25.92 |     0.0000
complex2.pdb       |        1885.69 |        -88384.94 |  3.46 |  2.75 |     0.3333
complex3.pdb       |        1981.25 |        -85745.61 |  5.94 |  3.85 |     0.3333
complex4.pdb       |        1745.56 |        -87112.46 |  6.68 |  3.21 |     0.6667
complex5.pdb       |        1970.11 |        -84205.44 | 10.41 |  7.69 |     0.0000
complex6.pdb       |        1599.14 |        -77995.58 | 33.38 | 25.95 |     0.0000
complex7.pdb       |        1327.20 |        -71972.00 | 24.08 | 18.06 |     0.0000
complex8.pdb       |        1444.33 |        -79353.22 | 13.44 |  8.31 |     0.0000
complex9.pdb       |        1752.08 |        -82755.25 |  7.84 |  4.41 |     0.0000
